2 0.527344 0.654167 0.496875 0.388889
2 0.887891 0.506250 0.224219 0.348611
2 0.929297 0.777778 0.133594 0.269444
2 0.495313 0.849306 0.278125 0.279167
2 0.109375 0.382639 0.210938 0.331944
2 0.179688 0.286806 0.271875 0.254167
2 0.238281 0.500000 0.132812 0.166667
2 0.112891 0.628472 0.210156 0.137500
2 0.624219 0.140278 0.340625 0.155556
2 0.398438 0.303472 0.203125 0.295833
2 0.539453 0.270833 0.178906 0.252778
2 0.559375 0.443750 0.115625 0.090278
2 0.687109 0.364583 0.096094 0.104167
2 0.401953 0.131944 0.147656 0.088889
2 0.203516 0.118056 0.247656 0.097222
