2 0.170312 0.808333 0.131250 0.372222
2 0.334766 0.800000 0.172656 0.358333
2 0.501562 0.814583 0.173438 0.356944
2 0.458203 0.804861 0.857031 0.390278
2 0.904688 0.759722 0.190625 0.475000
2 0.067188 0.719444 0.129688 0.466667
2 0.436328 0.635417 0.474219 0.312500
2 0.403125 0.479861 0.220313 0.118056
2 0.460156 0.365278 0.190625 0.177778
2 0.526172 0.216667 0.100781 0.166667
2 0.345703 0.086806 0.096094 0.112500
2 0.271094 0.220833 0.120312 0.147222
2 0.328125 0.278472 0.082813 0.115278
2 0.226172 0.329167 0.053906 0.069444
2 0.273828 0.322222 0.042969 0.055556
2 0.199219 0.450000 0.123438 0.125000
2 0.313281 0.389583 0.117188 0.093056
